Topleft: 55.660055, 12.591667
Topright: 55.659981, 12.592093
Botleft: 55.658953, 12.591227
Botright: 55.658898, 12.591760
